2 0.3987903225806452 0.3170849420849421 0.08306451612903226 0.3233590733590734
1 0.2068548387096774 0.1969111969111969 0.06370967741935483 0.1003861003861004
0 0.19193548387096773 0.24855212355212356 0.017741935483870968 0.06467181467181467
0 0.14879032258064517 0.25096525096525096 0.008870967741935484 0.04247104247104247
0 0.13346774193548386 0.31805019305019305 0.020161290322580645 0.10521235521235521
0 0.1338709677419355 0.26544401544401547 0.020967741935483872 0.052123552123552123
2 0.19193548387096773 0.4203667953667954 0.04516129032258064 0.11486486486486487
0 0.22298387096774194 0.4111969111969112 0.020161290322580645 0.07915057915057916
0 0.22741935483870968 0.3972007722007722 0.04032258064516129 0.08204633204633205
1 0.11975806451612903 0.5641891891891893 0.03790322580645161 0.07625482625482626
1 0.07661290322580645 0.5945945945945946 0.02903225806451613 0.07335907335907337
1 0.31733870967741934 0.36534749034749037 0.07016129032258064 0.11486486486486487
0 0.3161290322580645 0.4777992277992278 0.020967741935483872 0.07142857142857142
1 0.24919354838709679 0.5535714285714286 0.03064516129032258 0.09749034749034749
1 0.2842741935483871 0.6317567567567568 0.28951612903225804 0.5260617760617761
0 0.4612903225806452 0.3672779922779923 0.012903225806451613 0.1303088803088803
0 0.4854838709677419 0.3721042471042471 0.02258064516129032 0.07432432432432433
0 0.48588709677419356 0.24517374517374518 0.03951612903225806 0.13513513513513514
0 0.5387096774193548 0.3112934362934363 0.014516129032258065 0.041505791505791506
0 0.5826612903225806 0.32577220077220076 0.03790322580645161 0.07625482625482626
0 0.5794354838709678 0.4469111969111969 0.06370967741935483 0.12355212355212356
1 0.6419354838709678 0.2615830115830116 0.09516129032258064 0.18725868725868727
1 0.6713709677419355 0.34362934362934366 0.02338709677419355 0.07915057915057916
0 0.6084677419354839 0.6597490347490348 0.04112903225806452 0.09942084942084942
0 0.40846774193548385 0.8383204633204634 0.07822580645161291 0.2055984555984556
0 0.744758064516129 0.8277027027027027 0.02338709677419355 0.06660231660231661
0 0.7254032258064516 0.8431467181467182 0.008870967741935484 0.03571428571428571
0 0.7600806451612904 0.8523166023166023 0.01532258064516129 0.06756756756756757
0 0.817741935483871 0.8556949806949807 0.03225806451612903 0.13416988416988418
1 0.7129032258064516 0.38561776061776065 0.04032258064516129 0.111003861003861
1 0.697983870967742 0.5907335907335908 0.16048387096774194 0.277992277992278
2 0.8661290322580645 0.5212355212355212 0.19516129032258064 0.36486486486486486
1 0.8850806451612904 0.3083976833976834 0.03951612903225806 0.06467181467181467
2 0.8995967741935483 0.44353281853281856 0.04435483870967742 0.08397683397683398
2 0.9580645161290322 0.583976833976834 0.025806451612903226 0.22972972972972974
0 0.8870967741935484 0.8359073359073359 0.06451612903225806 0.16795366795366795
2 0.6721774193548387 0.7770270270270271 0.13951612903225807 0.22972972972972974
0 0.896774193548387 0.5902509652509652 0.05806451612903226 0.2422779922779923
