0 0.03896103896103896 0.599009900990099 0.03636363636363636 0.299009900990099
1 0.5876623376623377 0.19306930693069307 0.2038961038961039 0.36633663366336633
2 0.6266233766233766 0.5851485148514851 0.10779220779220779 0.36633663366336633
0 0.41883116883116883 0.5257425742574258 0.04285714285714286 0.13663366336633664
0 0.07467532467532467 0.7148514851485148 0.01948051948051948 0.07920792079207921
1 0.625974025974026 0.6049504950495049 0.03116883116883117 0.35445544554455444
0 0.462987012987013 0.6811881188118812 0.08181818181818182 0.2099009900990099
0 0.9474025974025974 0.44653465346534654 0.08441558441558442 0.2
0 0.8331168831168831 0.8207920792079209 0.05064935064935065 0.1801980198019802
0 0.8577922077922078 0.6415841584158416 0.03506493506493506 0.1702970297029703
0 0.36168831168831167 0.40891089108910894 0.02207792207792208 0.3584158415841584
0 0.7045454545454546 0.296039603960396 0.014285714285714285 0.1485148514851485
0 0.6636363636363637 0.2831683168316832 0.01818181818181818 0.1702970297029703
0 0.6844155844155844 0.37722772277227723 0.015584415584415584 0.11683168316831684
0 0.6467532467532467 0.4108910891089109 0.04155844155844156 0.12871287128712872
0 0.6123376623376623 0.20495049504950497 0.048051948051948054 0.27920792079207923
