2 0.39710144927536234 0.387 0.3681159420289855 0.774
4 0.727536231884058 0.683 0.5391304347826087 0.334
0 0.19855072463768117 0.577 0.03768115942028986 0.306
0 0.07898550724637682 0.355 0.05652173913043478 0.13
0 0.06304347826086956 0.382 0.08840579710144927 0.132
0 0.031159420289855074 0.534 0.059420289855072465 0.10400000000000001
0 0.07101449275362319 0.547 0.017391304347826087 0.09
0 0.09855072463768116 0.518 0.026086956521739132 0.116
0 0.4072463768115942 0.342 0.09855072463768116 0.492
0 0.47608695652173916 0.449 0.08550724637681159 0.214
0 0.5405797101449276 0.47000000000000003 0.034782608695652174 0.12
0 0.8 0.448 0.08695652173913043 0.324
0 0.7195652173913043 0.47500000000000003 0.0391304347826087 0.138
0 0.8456521739130435 0.429 0.07391304347826087 0.154
0 0.6434782608695653 0.178 0.052173913043478265 0.16
0 0.2811594202898551 0.64 0.034782608695652174 0.132
0 0.4434782608695652 0.716 0.06086956521739131 0.232
0 0.3710144927536232 0.729 0.052173913043478265 0.13
0 0.3173913043478261 0.487 0.043478260869565216 0.13
0 0.5811594202898551 0.201 0.03768115942028986 0.078
