1 0.064 0.5785536159600997 0.018666666666666665 0.06483790523690773
2 0.3193333333333333 0.7057356608478803 0.022666666666666665 0.07481296758104738
2 0.252 0.8117206982543641 0.016 0.07231920199501246
0 0.27799999999999997 0.8778054862842892 0.009333333333333332 0.0399002493765586
0 0.28733333333333333 0.8952618453865336 0.006666666666666666 0.0399002493765586
1 0.43066666666666664 0.9326683291770573 0.018666666666666665 0.08977556109725686
0 0.382 0.8254364089775561 0.009333333333333332 0.05486284289276808
2 0.644 0.8902743142144638 0.021333333333333333 0.12967581047381546
1 0.69 0.8965087281795511 0.028 0.10224438902743142
0 0.6793333333333333 0.9189526184538653 0.009333333333333332 0.06733167082294264
2 0.8393333333333333 0.7768079800498753 0.014666666666666666 0.09725685785536159
0 0.8753333333333333 0.8877805486284289 0.028 0.08977556109725686
0 0.862 0.8453865336658354 0.025333333333333333 0.059850374064837904
0 0.9726666666666667 0.685785536159601 0.012 0.06483790523690773
0 0.7126666666666667 0.6708229426433915 0.012 0.06982543640897755
0 0.724 0.6758104738154613 0.010666666666666666 0.04987531172069826
0 0.32066666666666666 0.9189526184538653 0.017333333333333333 0.06733167082294264
