1 0.7143518518518519 0.725 0.01388888888888889 0.10555555555555556
1 0.36574074074074076 0.6319444444444444 0.009259259259259259 0.09166666666666667
2 0.2564814814814815 0.7125 0.018518518518518517 0.06666666666666667
4 0.674537037037037 0.6340277777777779 0.06944444444444445 0.10694444444444445
4 0.7606481481481482 0.6715277777777778 0.11203703703703705 0.12916666666666668
4 0.8486111111111111 0.5208333333333334 0.08055555555555556 0.11111111111111112
4 0.15833333333333333 0.7548611111111111 0.05925925925925926 0.05694444444444444
4 0.11342592592592593 0.5569444444444445 0.05092592592592593 0.05
2 0.27592592592592596 0.8777777777777778 0.020370370370370372 0.058333333333333334
4 0.19768518518518519 0.8680555555555556 0.04722222222222222 0.06944444444444445
