1 0.3403225806451613 0.3790322580645161 0.2161290322580645 0.5516129032258065
1 0.5032258064516129 0.4564516129032258 0.2 0.4806451612903226
2 0.6241935483870967 0.33064516129032256 0.08064516129032258 0.43548387096774194
0 0.8887096774193548 0.5064516129032258 0.17096774193548386 0.4064516129032258
0 0.785483870967742 0.5870967741935483 0.04838709677419355 0.16774193548387098
0 0.33064516129032256 0.6064516129032258 0.08064516129032258 0.17419354838709677
0 0.2725806451612903 0.5 0.07419354838709677 0.1935483870967742
0 0.23870967741935484 0.5258064516129032 0.05806451612903226 0.09032258064516129
0 0.10806451612903226 0.4935483870967742 0.06129032258064516 0.12903225806451613
0 0.7161290322580646 0.44193548387096776 0.04516129032258064 0.13548387096774195
0 0.8048387096774193 0.432258064516129 0.08709677419354839 0.1870967741935484
0 0.9032258064516129 0.7209677419354839 0.05806451612903226 0.13870967741935483
