1 0.3089041095890411 0.6882998171846435 0.08082191780821918 0.08775137111517367
1 0.4191780821917808 0.5854661791590493 0.09041095890410959 0.08135283363802559
1 0.3198630136986301 0.489945155393053 0.045205479452054796 0.08409506398537477
1 0.36164383561643837 0.5123400365630713 0.0684931506849315 0.06307129798903108
1 0.6623287671232877 0.6837294332723949 0.04246575342465753 0.08409506398537477
1 0.7479452054794521 0.676873857404022 0.03561643835616438 0.05210237659963437
0 0.7534246575342466 0.6841864716636198 0.019178082191780823 0.033820840950639856
0 0.7993150684931507 0.7417733089579525 0.02054794520547945 0.06672760511882998
1 0.9027397260273973 0.8153564899451554 0.0684931506849315 0.06764168190127971
1 0.9232876712328767 0.7687385740402194 0.07397260273972603 0.062157221206581355
0 0.2924657534246575 0.5100548446069469 0.02054794520547945 0.043875685557586835
