0 0.47896039603960394 0.2476808905380334 0.1485148514851485 0.4063079777365492
1 0.6472772277227723 0.3868274582560297 0.4306930693069307 0.5176252319109462
0 0.29517326732673266 0.5231910946196661 0.08292079207920793 0.3747680890538033
0 0.3941831683168317 0.4007421150278293 0.04084158415841584 0.12987012987012989
0 0.5210396039603961 0.5 0.04455445544554455 0.14656771799628943
0 0.42883663366336633 0.5556586270871985 0.03589108910891089 0.1280148423005566
0 0.4430693069306931 0.7680890538033396 0.06188118811881188 0.21521335807050093
0 0.5123762376237624 0.8970315398886828 0.05693069306930693 0.19109461966604824
0 0.3025990099009901 0.7959183673469388 0.023514851485148515 0.1261595547309833
0 0.4542079207920792 0.5575139146567718 0.019801980198019802 0.09833024118738405
2 0.14170792079207922 0.8339517625231911 0.0952970297029703 0.3209647495361781
0 0.4783415841584158 0.9007421150278293 0.04579207920792079 0.1280148423005566
