2 0.42262773722627733 0.4582484725050916 0.5532846715328467 0.3869653767820774
2 0.6532846715328466 0.7545824847250509 0.48613138686131385 0.18126272912423624
0 0.6810218978102189 0.5346232179226069 0.20875912408759123 0.23828920570264764
0 0.7642335766423357 0.630346232179226 0.08905109489051094 0.1160896130346232
0 0.9014598540145985 0.4959266802443991 0.09197080291970802 0.17718940936863542
0 0.8802919708029197 0.5712830957230142 0.09635036496350365 0.09164969450101833
0 0.8036496350364963 0.910386965376782 0.10364963503649634 0.1425661914460285
0 0.6978102189781021 0.7729124236252545 0.11970802919708029 0.09572301425661914
0 0.7591240875912408 0.7209775967413441 0.05255474452554744 0.09775967413441955
0 0.7197080291970802 0.7362525458248472 0.072992700729927 0.05906313645621181
