0 0.4808333333333334 0.5557142857142857 0.09833333333333334 0.32857142857142857
0 0.5625 0.5971428571428572 0.05166666666666667 0.19428571428571428
0 0.12583333333333335 0.74 0.04833333333333334 0.4342857142857143
0 0.05166666666666667 0.85 0.04 0.21428571428571427
0 0.28833333333333333 0.6228571428571429 0.06333333333333334 0.2
0 0.22833333333333336 0.8671428571428571 0.05333333333333334 0.19142857142857142
0 0.35833333333333334 0.44857142857142857 0.38 0.8914285714285715
0 0.6925 0.14285714285714285 0.06833333333333334 0.2742857142857143
0 0.6183333333333334 0.18571428571428572 0.05666666666666667 0.13142857142857142
0 0.79 0.6157142857142857 0.05 0.22
0 0.8875000000000001 0.5485714285714286 0.115 0.48
