2 0.20692307692307693 0.4871382636655949 0.37384615384615383 0.3954983922829582
0 0.23615384615384616 0.6503215434083601 0.3030769230769231 0.342443729903537
0 0.4584615384615385 0.5088424437299035 0.08923076923076922 0.3778135048231511
0 0.5323076923076923 0.5353697749196141 0.04 0.31189710610932475
0 0.8146153846153846 0.6881028938906752 0.21384615384615385 0.3536977491961415
0 0.8346153846153846 0.7958199356913184 0.23846153846153847 0.3054662379421222
0 0.6423076923076924 0.4654340836012862 0.07846153846153846 0.15594855305466238
0 0.5146153846153846 0.2652733118971061 0.06 0.13504823151125403
0 0.10923076923076923 0.7347266881028939 0.04923076923076923 0.15434083601286175
0 0.036153846153846154 0.6977491961414791 0.047692307692307694 0.1607717041800643
0 0.7107692307692308 0.29019292604501606 0.07384615384615384 0.15594855305466238
0 0.9661538461538461 0.2596463022508039 0.046153846153846156 0.09163987138263666
0 0.8492307692307692 0.33440514469453375 0.015384615384615385 0.08038585209003216
0 0.8184615384615385 0.37861736334405144 0.033846153846153845 0.06913183279742766
0 0.6246153846153846 0.28858520900321544 0.015384615384615385 0.06913183279742766
0 0.1346153846153846 0.3054662379421222 0.11846153846153847 0.17363344051446944
0 0.2676923076923077 0.35691318327974275 0.12 0.18006430868167203
0 0.3030769230769231 0.24598070739549838 0.055384615384615386 0.17684887459807075
0 0.2553846153846154 0.2572347266881029 0.015384615384615385 0.09646302250803858
0 0.4946153846153846 0.14630225080385853 0.04153846153846154 0.15112540192926044
0 0.536923076923077 0.1945337620578778 0.024615384615384615 0.08681672025723472
0 0.5707692307692308 0.182475884244373 0.012307692307692308 0.06591639871382636
0 0.6707692307692308 0.6543408360128617 0.021538461538461538 0.07395498392282958
0 0.6353846153846154 0.6696141479099679 0.024615384615384615 0.07877813504823152
0 0.6184615384615385 0.6768488745980707 0.021538461538461538 0.07717041800643087
0 0.47615384615384615 0.617363344051447 0.05384615384615385 0.09646302250803858
0 0.38384615384615384 0.6229903536977492 0.0876923076923077 0.13665594855305466
0 0.28846153846153844 0.4670418006430868 0.10615384615384615 0.13987138263665594
0 0.3523076923076923 0.45819935691318325 0.04923076923076923 0.1189710610932476
