0 0.10746268656716418 0.4387990762124711 0.041791044776119404 0.23556581986143188
0 0.06119402985074627 0.21593533487297922 0.09850746268656717 0.394919168591224
0 0.05 0.3371824480369515 0.06716417910447761 0.16166281755196305
0 0.16716417910447762 0.3418013856812933 0.0955223880597015 0.48036951501154734
0 0.10597014925373134 0.4284064665127021 0.03283582089552239 0.21478060046189376
0 0.23880597014925373 0.5554272517321016 0.08358208955223881 0.348729792147806
0 0.33507462686567163 0.5 0.0373134328358209 0.20554272517321015
0 0.48059701492537316 0.812933025404157 0.35522388059701493 0.23094688221709006
0 0.49402985074626865 0.4618937644341801 0.15522388059701492 0.3325635103926097
0 0.42238805970149257 0.4930715935334873 0.08358208955223881 0.24711316397228636
0 0.4708955223880597 0.28175519630484985 0.16567164179104477 0.3833718244803695
0 0.5514925373134328 0.3648960739030023 0.04626865671641791 0.17551963048498845
0 0.6074626865671642 0.5450346420323325 0.06567164179104477 0.18937644341801385
0 0.6231343283582089 0.33833718244803695 0.03134328358208955 0.21016166281755197
0 0.6313432835820896 0.11893764434180139 0.03582089552238806 0.20092378752886836
0 0.564179104477612 0.2921478060046189 0.026865671641791045 0.22401847575057737
0 0.6619402985074627 0.26674364896073904 0.0373134328358209 0.3533487297921478
0 0.7276119402985075 0.36605080831408776 0.11492537313432837 0.5242494226327945
0 0.8649253731343284 0.3510392609699769 0.15970149253731344 0.42032332563510394
0 0.9059701492537313 0.35219399538106233 0.05970149253731343 0.625866050808314
0 0.8276119402985075 0.3972286374133949 0.0791044776119403 0.42032332563510394
0 0.744776119402985 0.7032332563510393 0.0626865671641791 0.371824480369515
0 0.8365671641791045 0.7321016166281755 0.04029850746268657 0.2632794457274827
0 0.6843283582089552 0.45265588914549654 0.0373134328358209 0.24018475750577367
0 0.9656716417910448 0.5404157043879908 0.03283582089552239 0.25404157043879905
0 0.8776119402985074 0.6016166281755196 0.029850746268656716 0.2517321016166282
