0 0.15159574468085105 0.46099290780141844 0.08333333333333333 0.15130023640661938
0 0.1551418439716312 0.3605200945626477 0.03723404255319149 0.1536643026004728
0 0.30141843971631205 0.3486997635933806 0.05319148936170213 0.17257683215130024
0 0.21453900709219859 0.40543735224586286 0.017730496453900707 0.09692671394799054
0 0.32092198581560283 0.5614657210401891 0.031914893617021274 0.1773049645390071
0 0.3351063829787234 0.5721040189125295 0.035460992907801414 0.1276595744680851
0 0.2907801418439716 0.6583924349881797 0.04609929078014184 0.16784869976359337
0 0.23936170212765956 0.884160756501182 0.017730496453900707 0.12293144208037825
0 0.6143617021276596 0.789598108747045 0.030141843971631204 0.16548463356973994
0 0.676418439716312 0.7754137115839244 0.01950354609929078 0.09929078014184398
1 0.7526595744680851 0.5035460992907801 0.11524822695035461 0.2222222222222222
0 0.7127659574468085 0.4988179669030733 0.014184397163120567 0.15130023640661938
0 0.8670212765957447 0.7836879432624113 0.24468085106382978 0.24822695035460993
0 0.9210992907801419 0.842789598108747 0.12943262411347517 0.1111111111111111
0 0.8608156028368794 0.7565011820330969 0.06560283687943262 0.09929078014184398
0 0.4734042553191489 0.6843971631205673 0.1524822695035461 0.2293144208037825
0 0.4627659574468085 0.6737588652482269 0.03900709219858156 0.1276595744680851
0 0.3608156028368794 0.7825059101654847 0.02304964539007092 0.07092198581560283
2 0.5310283687943262 0.7505910165484634 0.0797872340425532 0.19148936170212766
0 0.04875886524822695 0.7671394799054373 0.09042553191489361 0.23404255319148937
0 0.7420212765957447 0.8628841607565012 0.05851063829787234 0.10401891252955082
0 0.38652482269503546 0.6323877068557919 0.010638297872340425 0.04964539007092199
0 0.3962765957446808 0.6170212765957447 0.008865248226950354 0.061465721040189124
0 0.5815602836879432 0.8026004728132388 0.017730496453900707 0.06855791962174941
0 0.3448581560283688 0.7234042553191489 0.01950354609929078 0.0851063829787234
0 0.2624113475177305 0.3971631205673759 0.024822695035460994 0.06619385342789598
0 0.19237588652482268 0.4763593380614657 0.01950354609929078 0.07801418439716312
