1 0.8059701492537313 0.6940298507462687 0.08955223880597014 0.2835820895522388
0 0.6977611940298507 0.6741293532338308 0.09701492537313433 0.21393034825870647
0 0.47761194029850745 0.6343283582089552 0.11194029850746269 0.2736318407960199
0 0.4533582089552239 0.18407960199004975 0.041044776119402986 0.25870646766169153
0 0.42350746268656714 0.27114427860696516 0.09328358208955223 0.24378109452736318
0 0.3694029850746269 0.31343283582089554 0.05223880597014925 0.14925373134328357
2 0.35074626865671643 0.3681592039800995 0.05970149253731343 0.23880597014925373
0 0.5690298507462687 0.40298507462686567 0.026119402985074626 0.14925373134328357
0 0.6212686567164178 0.09701492537313433 0.06343283582089553 0.18407960199004975
0 0.2555970149253731 0.6791044776119403 0.12313432835820895 0.2736318407960199
0 0.7126865671641791 0.208955223880597 0.022388059701492536 0.08955223880597014
