2 0.465 0.6415094339622642 0.09 0.1940700808625337
1 0.427 0.44339622641509435 0.08600000000000001 0.18059299191374664
4 0.094 0.431266846361186 0.188 0.31805929919137466
1 0.404 0.793800539083558 0.108 0.2183288409703504
4 0.775 0.4811320754716981 0.202 0.33153638814016173
4 0.8240000000000001 0.6266846361185984 0.272 0.2991913746630728
4 0.507 0.19676549865229112 0.094 0.18867924528301888
0 0.627 0.10377358490566038 0.07 0.16442048517520216
0 0.675 0.18194070080862534 0.078 0.14824797843665768
2 0.199 0.25471698113207547 0.074 0.22371967654986524
0 0.34800000000000003 0.3059299191374663 0.032 0.12129380053908356
0 0.335 0.2668463611859838 0.046 0.1293800539083558
0 0.663 0.5121293800539084 0.018000000000000002 0.21024258760107817
0 0.225 0.6320754716981133 0.038 0.2129380053908356
