4 0.2684615384615385 0.4764344262295082 0.43846153846153846 0.48565573770491804
4 0.2784615384615385 0.05635245901639344 0.12307692307692308 0.11270491803278689
4 0.6530769230769231 0.30122950819672134 0.11846153846153847 0.11475409836065574
0 0.4461538461538462 0.5317622950819673 0.09230769230769231 0.3176229508196721
0 0.46923076923076923 0.5409836065573771 0.033846153846153845 0.16803278688524592
0 0.5030769230769231 0.5727459016393442 0.021538461538461538 0.17827868852459017
0 0.6484615384615384 0.5409836065573771 0.14307692307692307 0.4016393442622951
0 0.5907692307692307 0.6127049180327869 0.05846153846153846 0.2213114754098361
0 0.5238461538461539 0.5737704918032788 0.03538461538461538 0.11065573770491804
2 0.9730769230769231 0.1762295081967213 0.016923076923076923 0.09426229508196722
0 0.42538461538461536 0.1639344262295082 0.016923076923076923 0.09016393442622951
